{
 "cells": [
  {
   "cell_type": "code",
   "execution_count": 1,
   "metadata": {},
   "outputs": [
    {
     "name": "stdout",
     "output_type": "stream",
     "text": [
      "Requirement already satisfied: sentence-transformers in ./.conda/lib/python3.12/site-packages (4.0.2)\n",
      "Requirement already satisfied: transformers<5.0.0,>=4.41.0 in ./.conda/lib/python3.12/site-packages (from sentence-transformers) (4.51.0)\n",
      "Requirement already satisfied: tqdm in ./.conda/lib/python3.12/site-packages (from sentence-transformers) (4.67.1)\n",
      "Requirement already satisfied: torch>=1.11.0 in ./.conda/lib/python3.12/site-packages (from sentence-transformers) (2.6.0)\n",
      "Requirement already satisfied: scikit-learn in ./.conda/lib/python3.12/site-packages (from sentence-transformers) (1.6.1)\n",
      "Requirement already satisfied: scipy in ./.conda/lib/python3.12/site-packages (from sentence-transformers) (1.15.2)\n",
      "Requirement already satisfied: huggingface-hub>=0.20.0 in ./.conda/lib/python3.12/site-packages (from sentence-transformers) (0.30.1)\n",
      "Requirement already satisfied: Pillow in ./.conda/lib/python3.12/site-packages (from sentence-transformers) (11.1.0)\n",
      "Requirement already satisfied: typing_extensions>=4.5.0 in ./.conda/lib/python3.12/site-packages (from sentence-transformers) (4.13.1)\n",
      "Requirement already satisfied: filelock in ./.conda/lib/python3.12/site-packages (from huggingface-hub>=0.20.0->sentence-transformers) (3.18.0)\n",
      "Requirement already satisfied: fsspec>=2023.5.0 in ./.conda/lib/python3.12/site-packages (from huggingface-hub>=0.20.0->sentence-transformers) (2025.3.2)\n",
      "Requirement already satisfied: packaging>=20.9 in ./.conda/lib/python3.12/site-packages (from huggingface-hub>=0.20.0->sentence-transformers) (24.2)\n",
      "Requirement already satisfied: pyyaml>=5.1 in ./.conda/lib/python3.12/site-packages (from huggingface-hub>=0.20.0->sentence-transformers) (6.0.2)\n",
      "Requirement already satisfied: requests in ./.conda/lib/python3.12/site-packages (from huggingface-hub>=0.20.0->sentence-transformers) (2.32.3)\n",
      "Requirement already satisfied: networkx in ./.conda/lib/python3.12/site-packages (from torch>=1.11.0->sentence-transformers) (3.4.2)\n",
      "Requirement already satisfied: jinja2 in ./.conda/lib/python3.12/site-packages (from torch>=1.11.0->sentence-transformers) (3.1.6)\n",
      "Requirement already satisfied: setuptools in ./.conda/lib/python3.12/site-packages (from torch>=1.11.0->sentence-transformers) (75.8.0)\n",
      "Requirement already satisfied: sympy==1.13.1 in ./.conda/lib/python3.12/site-packages (from torch>=1.11.0->sentence-transformers) (1.13.1)\n",
      "Requirement already satisfied: mpmath<1.4,>=1.1.0 in ./.conda/lib/python3.12/site-packages (from sympy==1.13.1->torch>=1.11.0->sentence-transformers) (1.3.0)\n",
      "Requirement already satisfied: numpy>=1.17 in ./.conda/lib/python3.12/site-packages (from transformers<5.0.0,>=4.41.0->sentence-transformers) (2.2.4)\n",
      "Requirement already satisfied: regex!=2019.12.17 in ./.conda/lib/python3.12/site-packages (from transformers<5.0.0,>=4.41.0->sentence-transformers) (2024.11.6)\n",
      "Requirement already satisfied: tokenizers<0.22,>=0.21 in ./.conda/lib/python3.12/site-packages (from transformers<5.0.0,>=4.41.0->sentence-transformers) (0.21.1)\n",
      "Requirement already satisfied: safetensors>=0.4.3 in ./.conda/lib/python3.12/site-packages (from transformers<5.0.0,>=4.41.0->sentence-transformers) (0.5.3)\n",
      "Requirement already satisfied: joblib>=1.2.0 in ./.conda/lib/python3.12/site-packages (from scikit-learn->sentence-transformers) (1.4.2)\n",
      "Requirement already satisfied: threadpoolctl>=3.1.0 in ./.conda/lib/python3.12/site-packages (from scikit-learn->sentence-transformers) (3.6.0)\n",
      "Requirement already satisfied: MarkupSafe>=2.0 in ./.conda/lib/python3.12/site-packages (from jinja2->torch>=1.11.0->sentence-transformers) (3.0.2)\n",
      "Requirement already satisfied: charset-normalizer<4,>=2 in ./.conda/lib/python3.12/site-packages (from requests->huggingface-hub>=0.20.0->sentence-transformers) (3.4.1)\n",
      "Requirement already satisfied: idna<4,>=2.5 in ./.conda/lib/python3.12/site-packages (from requests->huggingface-hub>=0.20.0->sentence-transformers) (3.10)\n",
      "Requirement already satisfied: urllib3<3,>=1.21.1 in ./.conda/lib/python3.12/site-packages (from requests->huggingface-hub>=0.20.0->sentence-transformers) (2.3.0)\n",
      "Requirement already satisfied: certifi>=2017.4.17 in ./.conda/lib/python3.12/site-packages (from requests->huggingface-hub>=0.20.0->sentence-transformers) (2025.1.31)\n",
      "Requirement already satisfied: pandas in ./.conda/lib/python3.12/site-packages (2.2.3)\n",
      "Requirement already satisfied: numpy>=1.26.0 in ./.conda/lib/python3.12/site-packages (from pandas) (2.2.4)\n",
      "Requirement already satisfied: python-dateutil>=2.8.2 in ./.conda/lib/python3.12/site-packages (from pandas) (2.9.0.post0)\n",
      "Requirement already satisfied: pytz>=2020.1 in ./.conda/lib/python3.12/site-packages (from pandas) (2025.2)\n",
      "Requirement already satisfied: tzdata>=2022.7 in ./.conda/lib/python3.12/site-packages (from pandas) (2025.2)\n",
      "Requirement already satisfied: six>=1.5 in ./.conda/lib/python3.12/site-packages (from python-dateutil>=2.8.2->pandas) (1.17.0)\n",
      "Requirement already satisfied: accelerate in ./.conda/lib/python3.12/site-packages (1.6.0)\n",
      "Requirement already satisfied: numpy<3.0.0,>=1.17 in ./.conda/lib/python3.12/site-packages (from accelerate) (2.2.4)\n",
      "Requirement already satisfied: packaging>=20.0 in ./.conda/lib/python3.12/site-packages (from accelerate) (24.2)\n",
      "Requirement already satisfied: psutil in ./.conda/lib/python3.12/site-packages (from accelerate) (5.9.0)\n",
      "Requirement already satisfied: pyyaml in ./.conda/lib/python3.12/site-packages (from accelerate) (6.0.2)\n",
      "Requirement already satisfied: torch>=2.0.0 in ./.conda/lib/python3.12/site-packages (from accelerate) (2.6.0)\n",
      "Requirement already satisfied: huggingface-hub>=0.21.0 in ./.conda/lib/python3.12/site-packages (from accelerate) (0.30.1)\n",
      "Requirement already satisfied: safetensors>=0.4.3 in ./.conda/lib/python3.12/site-packages (from accelerate) (0.5.3)\n",
      "Requirement already satisfied: filelock in ./.conda/lib/python3.12/site-packages (from huggingface-hub>=0.21.0->accelerate) (3.18.0)\n",
      "Requirement already satisfied: fsspec>=2023.5.0 in ./.conda/lib/python3.12/site-packages (from huggingface-hub>=0.21.0->accelerate) (2025.3.2)\n",
      "Requirement already satisfied: requests in ./.conda/lib/python3.12/site-packages (from huggingface-hub>=0.21.0->accelerate) (2.32.3)\n",
      "Requirement already satisfied: tqdm>=4.42.1 in ./.conda/lib/python3.12/site-packages (from huggingface-hub>=0.21.0->accelerate) (4.67.1)\n",
      "Requirement already satisfied: typing-extensions>=3.7.4.3 in ./.conda/lib/python3.12/site-packages (from huggingface-hub>=0.21.0->accelerate) (4.13.1)\n",
      "Requirement already satisfied: networkx in ./.conda/lib/python3.12/site-packages (from torch>=2.0.0->accelerate) (3.4.2)\n",
      "Requirement already satisfied: jinja2 in ./.conda/lib/python3.12/site-packages (from torch>=2.0.0->accelerate) (3.1.6)\n",
      "Requirement already satisfied: setuptools in ./.conda/lib/python3.12/site-packages (from torch>=2.0.0->accelerate) (75.8.0)\n",
      "Requirement already satisfied: sympy==1.13.1 in ./.conda/lib/python3.12/site-packages (from torch>=2.0.0->accelerate) (1.13.1)\n",
      "Requirement already satisfied: mpmath<1.4,>=1.1.0 in ./.conda/lib/python3.12/site-packages (from sympy==1.13.1->torch>=2.0.0->accelerate) (1.3.0)\n",
      "Requirement already satisfied: MarkupSafe>=2.0 in ./.conda/lib/python3.12/site-packages (from jinja2->torch>=2.0.0->accelerate) (3.0.2)\n",
      "Requirement already satisfied: charset-normalizer<4,>=2 in ./.conda/lib/python3.12/site-packages (from requests->huggingface-hub>=0.21.0->accelerate) (3.4.1)\n",
      "Requirement already satisfied: idna<4,>=2.5 in ./.conda/lib/python3.12/site-packages (from requests->huggingface-hub>=0.21.0->accelerate) (3.10)\n",
      "Requirement already satisfied: urllib3<3,>=1.21.1 in ./.conda/lib/python3.12/site-packages (from requests->huggingface-hub>=0.21.0->accelerate) (2.3.0)\n",
      "Requirement already satisfied: certifi>=2017.4.17 in ./.conda/lib/python3.12/site-packages (from requests->huggingface-hub>=0.21.0->accelerate) (2025.1.31)\n"
     ]
    }
   ],
   "source": [
    "!pip install -U sentence-transformers\n",
    "!pip install pandas\n",
    "!pip install accelerate"
   ]
  },
  {
   "cell_type": "code",
   "execution_count": null,
   "metadata": {},
   "outputs": [
    {
     "name": "stdout",
     "output_type": "stream",
     "text": [
      "[[1.0000001  0.94275415 0.81226915 0.94649434]\n",
      " [0.94275415 1.         0.77951986 0.90231025]\n",
      " [0.81226915 0.77951986 1.         0.805584  ]\n",
      " [0.94649434 0.90231025 0.805584   1.        ]]\n",
      "[[0.9999999  0.8691579  0.8766748  0.9378818 ]\n",
      " [0.8691579  1.0000002  0.8663049  0.89241874]\n",
      " [0.8766748  0.8663049  0.9999999  0.8962662 ]\n",
      " [0.9378818  0.89241874 0.8962662  1.0000002 ]]\n",
      "[[1.0000001  0.82550514 0.79634863 0.93291104]\n",
      " [0.82550514 1.         0.736037   0.79945916]\n",
      " [0.79634863 0.736037   1.         0.8309454 ]\n",
      " [0.93291104 0.79945916 0.8309454  1.        ]]\n",
      "[[1.        0.6989082 0.7560197 0.8751534]\n",
      " [0.6989082 1.0000001 0.8665192 0.8069662]\n",
      " [0.7560197 0.8665192 1.        0.8358339]\n",
      " [0.8751534 0.8069662 0.8358339 1.       ]]\n",
      "[[1.         0.8396716  0.8983436  0.91467464]\n",
      " [0.8396716  0.99999994 0.8800962  0.82478034]\n",
      " [0.8983436  0.8800962  1.         0.8571048 ]\n",
      " [0.91467464 0.82478034 0.8571048  1.0000001 ]]\n",
      "[[1.0000002  0.71975493 0.90195644 0.9019327 ]\n",
      " [0.71975493 1.0000002  0.76108557 0.7288183 ]\n",
      " [0.90195644 0.76108557 1.0000001  0.8975456 ]\n",
      " [0.9019327  0.7288183  0.8975456  1.        ]]\n",
      "[[1.         0.8558962  0.96356887 0.96536744]\n",
      " [0.8558962  1.         0.8374079  0.8793998 ]\n",
      " [0.96356887 0.8374079  1.         0.9557811 ]\n",
      " [0.96536744 0.8793998  0.9557811  1.        ]]\n",
      "[[1.0000001  0.80529296 0.82266116 0.934716  ]\n",
      " [0.80529296 0.9999999  0.8108379  0.8572829 ]\n",
      " [0.82266116 0.8108379  0.9999999  0.8450141 ]\n",
      " [0.934716   0.8572829  0.8450141  1.        ]]\n",
      "[[1.0000001  0.8718474  0.91597027 0.90273154]\n",
      " [0.8718474  0.99999976 0.89039564 0.88646233]\n",
      " [0.91597027 0.89039564 1.0000001  0.92976254]\n",
      " [0.90273154 0.88646233 0.92976254 0.9999998 ]]\n",
      "[[1.0000001  0.8598869  0.7961551  0.92248446]\n",
      " [0.8598869  0.99999994 0.818348   0.8562902 ]\n",
      " [0.7961551  0.818348   0.99999976 0.81929654]\n",
      " [0.92248446 0.8562902  0.81929654 1.0000002 ]]\n",
      "[[1.         0.86418015 0.90282214 0.96095973]\n",
      " [0.86418015 0.99999994 0.9034978  0.8487557 ]\n",
      " [0.90282214 0.9034978  1.         0.89192367]\n",
      " [0.96095973 0.8487557  0.89192367 1.        ]]\n",
      "[[1.0000002  0.78388965 0.8339786  0.87237936]\n",
      " [0.78388965 1.0000001  0.9414392  0.8119157 ]\n",
      " [0.8339786  0.9414392  1.         0.83601964]\n",
      " [0.87237936 0.8119157  0.83601964 1.        ]]\n",
      "[[1.0000001  0.7824417  0.80133736 0.90421796]\n",
      " [0.7824417  1.0000002  0.7596215  0.86597943]\n",
      " [0.80133736 0.7596215  1.0000001  0.77472496]\n",
      " [0.90421796 0.86597943 0.77472496 1.0000001 ]]\n",
      "[[1.0000002  0.72421753 0.9253311  0.9057625 ]\n",
      " [0.72421753 1.0000004  0.72714424 0.80347013]\n",
      " [0.9253311  0.72714424 1.0000001  0.91126645]\n",
      " [0.9057625  0.80347013 0.91126645 1.        ]]\n",
      "[[1.0000001  0.7933768  0.84470415 0.92225695]\n",
      " [0.7933768  1.         0.87382424 0.8137436 ]\n",
      " [0.84470415 0.87382424 1.0000002  0.8792156 ]\n",
      " [0.92225695 0.8137436  0.8792156  0.9999999 ]]\n",
      "[[1.         0.8095118  0.8682136  0.9076635 ]\n",
      " [0.8095118  1.         0.8471457  0.8343131 ]\n",
      " [0.8682136  0.8471457  1.         0.82957673]\n",
      " [0.9076635  0.8343131  0.82957673 0.99999994]]\n",
      "[[0.99999994 0.88010514 0.9112054  0.9626186 ]\n",
      " [0.88010514 0.9999998  0.84002376 0.8796078 ]\n",
      " [0.9112054  0.84002376 1.         0.890485  ]\n",
      " [0.9626186  0.8796078  0.890485   1.0000002 ]]\n",
      "[[1.0000001  0.85921    0.75652856 0.9437745 ]\n",
      " [0.85921    1.0000001  0.77633315 0.8745905 ]\n",
      " [0.75652856 0.77633315 1.0000001  0.82422924]\n",
      " [0.9437745  0.8745905  0.82422924 1.0000004 ]]\n",
      "[[1.         0.7277893  0.6769613  0.85910654]\n",
      " [0.7277893  1.         0.8889718  0.84912646]\n",
      " [0.6769613  0.8889718  1.0000002  0.8298188 ]\n",
      " [0.85910654 0.84912646 0.8298188  1.0000001 ]]\n",
      "[[1.0000004  0.8670211  0.8067516  0.9532609 ]\n",
      " [0.8670211  1.         0.7950061  0.89508975]\n",
      " [0.8067516  0.7950061  1.0000001  0.80747724]\n",
      " [0.9532609  0.89508975 0.80747724 0.99999994]]\n",
      "[[1.         0.9087176  0.9472512  0.94898367]\n",
      " [0.9087176  1.0000001  0.9423665  0.8924814 ]\n",
      " [0.9472512  0.9423665  1.0000002  0.95687485]\n",
      " [0.94898367 0.8924814  0.95687485 1.0000001 ]]\n",
      "[[1.         0.7908787  0.7841609  0.8930979 ]\n",
      " [0.7908787  1.         0.7792094  0.76804554]\n",
      " [0.7841609  0.7792094  1.0000001  0.875884  ]\n",
      " [0.8930979  0.76804554 0.875884   1.0000002 ]]\n",
      "[[0.9999999  0.8364477  0.92526615 0.9369228 ]\n",
      " [0.8364477  1.         0.8536335  0.8577043 ]\n",
      " [0.92526615 0.8536335  1.0000001  0.9382719 ]\n",
      " [0.9369228  0.8577043  0.9382719  1.0000002 ]]\n",
      "[[0.9999999  0.8555341  0.82514495 0.9238975 ]\n",
      " [0.8555341  1.0000001  0.9495096  0.89713323]\n",
      " [0.82514495 0.9495096  1.0000002  0.863224  ]\n",
      " [0.9238975  0.89713323 0.863224   1.0000002 ]]\n",
      "[[1.         0.8188771  0.9559599  0.9255656 ]\n",
      " [0.8188771  1.         0.85977846 0.8144413 ]\n",
      " [0.9559599  0.85977846 1.0000002  0.9428808 ]\n",
      " [0.9255656  0.8144413  0.9428808  1.0000001 ]]\n",
      "[[1.         0.8212166  0.761907   0.92694557]\n",
      " [0.8212166  1.0000001  0.75400215 0.8241981 ]\n",
      " [0.761907   0.75400215 1.         0.733142  ]\n",
      " [0.92694557 0.8241981  0.733142   0.9999998 ]]\n",
      "[[0.99999976 0.8438041  0.8548305  0.95296705]\n",
      " [0.8438041  1.         0.88541937 0.8890197 ]\n",
      " [0.8548305  0.88541937 0.99999994 0.89481413]\n",
      " [0.95296705 0.8890197  0.89481413 1.        ]]\n",
      "[[1.0000001  0.8282329  0.7859932  0.8606252 ]\n",
      " [0.8282329  1.0000001  0.818168   0.8205869 ]\n",
      " [0.7859932  0.818168   0.9999999  0.78709304]\n",
      " [0.8606252  0.8205869  0.78709304 0.99999994]]\n",
      "[[1.0000002  0.8012891  0.83443105 0.9305279 ]\n",
      " [0.8012891  1.         0.83477813 0.7519624 ]\n",
      " [0.83443105 0.83477813 0.9999999  0.8271841 ]\n",
      " [0.9305279  0.7519624  0.8271841  0.9999999 ]]\n",
      "[[1.         0.9018554  0.87214756 0.9178714 ]\n",
      " [0.9018554  0.99999994 0.8913571  0.889588  ]\n",
      " [0.87214756 0.8913571  1.         0.8781664 ]\n",
      " [0.9178714  0.889588   0.8781664  1.        ]]\n",
      "[[1.0000002  0.8783914  0.82993805 0.95882916]\n",
      " [0.8783914  1.         0.7277019  0.9009472 ]\n",
      " [0.82993805 0.7277019  1.         0.8291904 ]\n",
      " [0.95882916 0.9009472  0.8291904  1.        ]]\n",
      "[[1.         0.83894145 0.9205755  0.9004468 ]\n",
      " [0.83894145 1.         0.88503444 0.9109738 ]\n",
      " [0.9205755  0.88503444 1.0000002  0.9272738 ]\n",
      " [0.9004468  0.9109738  0.9272738  1.0000002 ]]\n",
      "[[1.0000001  0.7801055  0.855984   0.8576375 ]\n",
      " [0.7801055  0.99999976 0.8886373  0.8888428 ]\n",
      " [0.855984   0.8886373  1.         0.9230231 ]\n",
      " [0.8576375  0.8888428  0.9230231  1.        ]]\n",
      "[[1.0000002  0.8113336  0.9073775  0.94067234]\n",
      " [0.8113336  1.0000002  0.83592033 0.82446283]\n",
      " [0.9073775  0.83592033 1.         0.93643224]\n",
      " [0.94067234 0.82446283 0.93643224 1.        ]]\n",
      "[[0.9999998  0.7163426  0.845538   0.8288981 ]\n",
      " [0.7163426  1.0000001  0.7938151  0.70492744]\n",
      " [0.845538   0.7938151  1.         0.7900677 ]\n",
      " [0.8288981  0.70492744 0.7900677  0.9999999 ]]\n",
      "[[1.0000001  0.8907551  0.8197541  0.9473399 ]\n",
      " [0.8907551  1.         0.86116076 0.83698267]\n",
      " [0.8197541  0.86116076 1.         0.7674535 ]\n",
      " [0.9473399  0.83698267 0.7674535  1.0000001 ]]\n",
      "[[0.9999999  0.8956877  0.87912256 0.93979514]\n",
      " [0.8956877  1.         0.8909868  0.9554877 ]\n",
      " [0.87912256 0.8909868  1.         0.8959774 ]\n",
      " [0.93979514 0.9554877  0.8959774  1.        ]]\n",
      "[[0.9999997  0.8665614  0.8717743  0.90380347]\n",
      " [0.8665614  1.0000002  0.90704995 0.8773901 ]\n",
      " [0.8717743  0.90704995 0.9999999  0.91268754]\n",
      " [0.90380347 0.8773901  0.91268754 1.0000001 ]]\n",
      "[[1.         0.8535394  0.95051175 0.89703524]\n",
      " [0.8535394  1.0000001  0.8199456  0.8591569 ]\n",
      " [0.95051175 0.8199456  1.0000001  0.89294064]\n",
      " [0.89703524 0.8591569  0.89294064 1.        ]]\n",
      "[[0.9999999  0.7361723  0.79976237 0.8574673 ]\n",
      " [0.7361723  0.9999999  0.91484725 0.8660287 ]\n",
      " [0.79976237 0.91484725 1.0000001  0.904334  ]\n",
      " [0.8574673  0.8660287  0.904334   1.        ]]\n",
      "[[1.0000001  0.7349418  0.8145881  0.7979659 ]\n",
      " [0.7349418  1.0000001  0.7736853  0.73216885]\n",
      " [0.8145881  0.7736853  0.99999976 0.8689059 ]\n",
      " [0.7979659  0.73216885 0.8689059  0.9999999 ]]\n",
      "[[1.         0.82238066 0.7344727  0.92359614]\n",
      " [0.82238066 1.         0.8223868  0.8754189 ]\n",
      " [0.7344727  0.8223868  0.99999976 0.7880205 ]\n",
      " [0.92359614 0.8754189  0.7880205  0.99999994]]\n",
      "[[1.0000001  0.7450828  0.87340724 0.88521755]\n",
      " [0.7450828  1.0000001  0.8085988  0.70832735]\n",
      " [0.87340724 0.8085988  1.0000001  0.87639993]\n",
      " [0.88521755 0.70832735 0.87639993 1.0000001 ]]\n",
      "[[0.9999999  0.8656606  0.8665714  0.9200598 ]\n",
      " [0.8656606  1.         0.9278922  0.8460659 ]\n",
      " [0.8665714  0.9278922  1.         0.82634836]\n",
      " [0.9200598  0.8460659  0.82634836 1.        ]]\n",
      "[[0.99999994 0.89444447 0.8697243  0.86172616]\n",
      " [0.89444447 0.9999999  0.88171893 0.91075647]\n",
      " [0.8697243  0.88171893 0.9999999  0.89012617]\n",
      " [0.86172616 0.91075647 0.89012617 1.0000002 ]]\n",
      "[[0.9999999  0.8361232  0.8487219  0.9089492 ]\n",
      " [0.8361232  1.         0.8712592  0.8460771 ]\n",
      " [0.8487219  0.8712592  1.         0.88427854]\n",
      " [0.9089492  0.8460771  0.88427854 0.9999999 ]]\n",
      "[[0.99999994 0.89150727 0.93624663 0.9022212 ]\n",
      " [0.89150727 1.0000001  0.8974588  0.9084081 ]\n",
      " [0.93624663 0.8974588  0.9999998  0.94332045]\n",
      " [0.9022212  0.9084081  0.94332045 1.0000004 ]]\n",
      "[[1.         0.87463135 0.7681291  0.93660164]\n",
      " [0.87463135 1.0000004  0.7192375  0.8757394 ]\n",
      " [0.7681291  0.7192375  1.0000002  0.764216  ]\n",
      " [0.93660164 0.8757394  0.764216   1.0000002 ]]\n",
      "[[1.0000002  0.89186025 0.9043399  0.93504786]\n",
      " [0.89186025 0.99999994 0.81946445 0.87072664]\n",
      " [0.9043399  0.81946445 1.0000001  0.9131055 ]\n",
      " [0.93504786 0.87072664 0.9131055  1.        ]]\n",
      "[[1.         0.7664066  0.8156048  0.93135715]\n",
      " [0.7664066  1.         0.8122994  0.76184845]\n",
      " [0.8156048  0.8122994  1.         0.79170096]\n",
      " [0.93135715 0.76184845 0.79170096 0.99999994]]\n",
      "[[1.0000001  0.92346007 0.8563505  0.947356  ]\n",
      " [0.92346007 1.0000002  0.85829705 0.92882717]\n",
      " [0.8563505  0.85829705 0.99999994 0.87453604]\n",
      " [0.947356   0.92882717 0.87453604 1.        ]]\n",
      "[[1.0000001  0.9002673  0.92150676 0.89493144]\n",
      " [0.9002673  1.0000001  0.938294   0.9046536 ]\n",
      " [0.92150676 0.938294   1.         0.9110143 ]\n",
      " [0.89493144 0.9046536  0.9110143  0.99999994]]\n",
      "[[0.99999994 0.6898565  0.84466076 0.85929924]\n",
      " [0.6898565  1.         0.6722859  0.80055237]\n",
      " [0.84466076 0.6722859  1.         0.85534024]\n",
      " [0.85929924 0.80055237 0.85534024 0.9999998 ]]\n",
      "[[1.         0.8426367  0.886112   0.937976  ]\n",
      " [0.8426367  1.0000001  0.86968195 0.8607775 ]\n",
      " [0.886112   0.86968195 1.0000001  0.8975886 ]\n",
      " [0.937976   0.8607775  0.8975886  1.        ]]\n",
      "[[1.0000001  0.7761385  0.6372861  0.5676279 ]\n",
      " [0.7761385  1.         0.83969223 0.867211  ]\n",
      " [0.6372861  0.83969223 0.99999994 0.88068897]\n",
      " [0.5676279  0.867211   0.88068897 0.9999999 ]]\n",
      "[[1.         0.746464   0.87168026 0.95208097]\n",
      " [0.746464   1.         0.79859185 0.81914634]\n",
      " [0.87168026 0.79859185 1.0000001  0.8977561 ]\n",
      " [0.95208097 0.81914634 0.8977561  1.        ]]\n",
      "[[1.0000002  0.81100243 0.887712   0.88950956]\n",
      " [0.81100243 1.         0.7977687  0.87424016]\n",
      " [0.887712   0.7977687  0.9999999  0.9151012 ]\n",
      " [0.88950956 0.87424016 0.9151012  0.9999999 ]]\n",
      "[[1.         0.88867384 0.83069944 0.92006785]\n",
      " [0.88867384 1.         0.8944948  0.9370271 ]\n",
      " [0.83069944 0.8944948  0.99999994 0.8969083 ]\n",
      " [0.92006785 0.9370271  0.8969083  1.0000002 ]]\n",
      "[[1.         0.8411026  0.8296025  0.9404354 ]\n",
      " [0.8411026  1.0000001  0.861513   0.8595929 ]\n",
      " [0.8296025  0.861513   1.         0.82444084]\n",
      " [0.9404354  0.8595929  0.82444084 1.        ]]\n",
      "[[1.         0.86665285 0.80318993 0.9087702 ]\n",
      " [0.86665285 1.         0.80836505 0.8454826 ]\n",
      " [0.80318993 0.80836505 0.9999999  0.7658341 ]\n",
      " [0.9087702  0.8454826  0.7658341  1.        ]]\n",
      "[[1.         0.87888634 0.8603592  0.952415  ]\n",
      " [0.87888634 1.0000002  0.8504298  0.88012683]\n",
      " [0.8603592  0.8504298  1.         0.8524121 ]\n",
      " [0.952415   0.88012683 0.8524121  0.9999999 ]]\n",
      "[[1.0000001  0.8702507  0.90560377 0.95132095]\n",
      " [0.8702507  0.99999994 0.88674945 0.9180349 ]\n",
      " [0.90560377 0.88674945 1.0000002  0.9155047 ]\n",
      " [0.95132095 0.9180349  0.9155047  1.        ]]\n",
      "[[1.         0.89394844 0.8586139  0.95035243]\n",
      " [0.89394844 1.0000001  0.8859517  0.89606875]\n",
      " [0.8586139  0.8859517  1.         0.8435645 ]\n",
      " [0.95035243 0.89606875 0.8435645  1.0000002 ]]\n",
      "[[0.9999998  0.8647555  0.7953154  0.89525884]\n",
      " [0.8647555  1.0000002  0.88575506 0.87896574]\n",
      " [0.7953154  0.88575506 0.99999976 0.81901526]\n",
      " [0.89525884 0.87896574 0.81901526 1.0000001 ]]\n",
      "[[1.         0.81979936 0.7910813  0.9236921 ]\n",
      " [0.81979936 1.0000001  0.86105657 0.88037145]\n",
      " [0.7910813  0.86105657 1.         0.85560304]\n",
      " [0.9236921  0.88037145 0.85560304 1.        ]]\n",
      "[[1.0000002  0.8672303  0.8433653  0.9543252 ]\n",
      " [0.8672303  0.99999994 0.86439985 0.87964606]\n",
      " [0.8433653  0.86439985 1.         0.84137243]\n",
      " [0.9543252  0.87964606 0.84137243 0.9999999 ]]\n",
      "[[1.         0.79262626 0.840305   0.8828782 ]\n",
      " [0.79262626 0.9999999  0.77813554 0.8508227 ]\n",
      " [0.840305   0.77813554 1.         0.8502771 ]\n",
      " [0.8828782  0.8508227  0.8502771  1.0000002 ]]\n",
      "[[0.9999999  0.7997704  0.6634269  0.8783584 ]\n",
      " [0.7997704  1.0000001  0.66517675 0.903881  ]\n",
      " [0.6634269  0.66517675 1.         0.61547786]\n",
      " [0.8783584  0.903881   0.61547786 1.0000001 ]]\n",
      "[[0.9999999  0.87293875 0.90710783 0.94505405]\n",
      " [0.87293875 1.         0.8729218  0.84930545]\n",
      " [0.90710783 0.8729218  0.9999999  0.896792  ]\n",
      " [0.94505405 0.84930545 0.896792   1.0000002 ]]\n",
      "[[1.         0.9185256  0.9291537  0.9726163 ]\n",
      " [0.9185256  1.0000002  0.90691054 0.9133647 ]\n",
      " [0.9291537  0.90691054 0.9999999  0.9186073 ]\n",
      " [0.9726163  0.9133647  0.9186073  1.0000002 ]]\n",
      "[[1.0000001  0.9342176  0.92234683 0.9482421 ]\n",
      " [0.9342176  1.0000002  0.92625403 0.9386883 ]\n",
      " [0.92234683 0.92625403 1.         0.9258975 ]\n",
      " [0.9482421  0.9386883  0.9258975  1.        ]]\n",
      "[[1.0000002  0.8878397  0.80518186 0.8972831 ]\n",
      " [0.8878397  1.         0.8620351  0.7903888 ]\n",
      " [0.80518186 0.8620351  1.0000001  0.7347615 ]\n",
      " [0.8972831  0.7903888  0.7347615  1.0000001 ]]\n",
      "[[1.         0.84160566 0.89383864 0.8897952 ]\n",
      " [0.84160566 1.0000004  0.9082789  0.8648723 ]\n",
      " [0.89383864 0.9082789  1.         0.9090345 ]\n",
      " [0.8897952  0.8648723  0.9090345  1.        ]]\n",
      "[[1.         0.878801   0.7663985  0.9338379 ]\n",
      " [0.878801   1.0000001  0.7414583  0.91804737]\n",
      " [0.7663985  0.7414583  1.0000001  0.76271886]\n",
      " [0.9338379  0.91804737 0.76271886 1.        ]]\n",
      "[[1.         0.9013436  0.86775655 0.9346132 ]\n",
      " [0.9013436  1.0000001  0.8395327  0.8970412 ]\n",
      " [0.86775655 0.8395327  1.0000001  0.88759065]\n",
      " [0.9346132  0.8970412  0.88759065 1.        ]]\n",
      "[[0.99999976 0.8333794  0.79932654 0.94375294]\n",
      " [0.8333794  1.0000001  0.8437777  0.85927117]\n",
      " [0.79932654 0.8437777  1.0000002  0.82506275]\n",
      " [0.94375294 0.85927117 0.82506275 1.0000002 ]]\n",
      "[[1.0000002  0.76063406 0.85131264 0.85792077]\n",
      " [0.76063406 0.99999994 0.7921126  0.82917666]\n",
      " [0.85131264 0.7921126  1.         0.89469457]\n",
      " [0.85792077 0.82917666 0.89469457 1.        ]]\n",
      "[[1.         0.9601865  0.89800227 0.8352926 ]\n",
      " [0.9601865  0.99999994 0.9444008  0.82374644]\n",
      " [0.89800227 0.9444008  1.         0.7653431 ]\n",
      " [0.8352926  0.82374644 0.7653431  1.        ]]\n",
      "[[1.         0.7944434  0.84075904 0.9291526 ]\n",
      " [0.7944434  0.9999999  0.892964   0.8267163 ]\n",
      " [0.84075904 0.892964   1.0000002  0.86784536]\n",
      " [0.9291526  0.8267163  0.86784536 1.0000002 ]]\n",
      "[[1.0000001  0.85229254 0.8309136  0.9266492 ]\n",
      " [0.85229254 1.         0.83969486 0.86846745]\n",
      " [0.8309136  0.83969486 1.0000001  0.79980767]\n",
      " [0.9266492  0.86846745 0.79980767 1.0000001 ]]\n",
      "[[0.99999994 0.95218647 0.9727293  0.9732994 ]\n",
      " [0.95218647 1.         0.9657978  0.95713866]\n",
      " [0.9727293  0.9657978  1.0000002  0.97463906]\n",
      " [0.9732994  0.95713866 0.97463906 1.0000001 ]]\n",
      "[[1.        0.9154825 0.9243034 0.9264225]\n",
      " [0.9154825 1.0000001 0.8784057 0.8923783]\n",
      " [0.9243034 0.8784057 1.0000001 0.9490011]\n",
      " [0.9264225 0.8923783 0.9490011 1.       ]]\n",
      "[[1.         0.8023398  0.8702414  0.8707771 ]\n",
      " [0.8023398  1.0000001  0.77996397 0.8675935 ]\n",
      " [0.8702414  0.77996397 1.         0.88309544]\n",
      " [0.8707771  0.8675935  0.88309544 1.        ]]\n",
      "[[1.         0.85217226 0.8370863  0.92284477]\n",
      " [0.85217226 1.0000001  0.86125803 0.87695414]\n",
      " [0.8370863  0.86125803 0.99999976 0.8552269 ]\n",
      " [0.92284477 0.87695414 0.8552269  1.        ]]\n",
      "[[1.0000001  0.8435149  0.8680114  0.9312667 ]\n",
      " [0.8435149  1.0000001  0.84253865 0.8387799 ]\n",
      " [0.8680114  0.84253865 1.0000002  0.84363294]\n",
      " [0.9312667  0.8387799  0.84363294 0.9999999 ]]\n",
      "[[1.         0.8878796  0.91451406 0.96206224]\n",
      " [0.8878796  1.0000001  0.8754679  0.9024854 ]\n",
      " [0.91451406 0.8754679  1.0000002  0.9060225 ]\n",
      " [0.96206224 0.9024854  0.9060225  1.        ]]\n",
      "[[1.0000002  0.93237936 0.73528093 0.948547  ]\n",
      " [0.93237936 1.0000002  0.80495393 0.91524684]\n",
      " [0.73528093 0.80495393 0.99999994 0.6743165 ]\n",
      " [0.948547   0.91524684 0.6743165  0.99999976]]\n",
      "[[0.99999994 0.9020336  0.95703566 0.96463585]\n",
      " [0.9020336  0.9999999  0.93868643 0.91223335]\n",
      " [0.95703566 0.93868643 1.0000001  0.95432734]\n",
      " [0.96463585 0.91223335 0.95432734 0.99999994]]\n",
      "[[0.9999999  0.88657665 0.9153143  0.92645633]\n",
      " [0.88657665 1.         0.84369    0.89847857]\n",
      " [0.9153143  0.84369    1.0000002  0.8926347 ]\n",
      " [0.92645633 0.89847857 0.8926347  1.0000002 ]]\n",
      "[[1.0000002  0.8839406  0.88471335 0.87166107]\n",
      " [0.8839406  1.         0.85448515 0.8987146 ]\n",
      " [0.88471335 0.85448515 1.         0.88625115]\n",
      " [0.87166107 0.8987146  0.88625115 0.9999997 ]]\n"
     ]
    }
   ],
   "source": [
    "from sentence_transformers import SentenceTransformer\n",
    "import pandas as pd\n",
    "import sklearn.metrics.pairwise as pairwise\n",
    "\n",
    "filepath = './articles_simplified_4.jsonl'\n",
    "articles = pd.read_json(path_or_buf=filepath, lines=True)\n",
    "texts = articles['text']\n",
    "simplifieds = articles['simplified']\n",
    "simplifieds2 = articles['simplified2']\n",
    "simplifieds3 = articles['simplified3']\n",
    "model = SentenceTransformer('sentence-transformers/all-MiniLM-L6-v2')\n",
    "\n",
    "csv_str = \"article_id, sim1, sim2, sim3\\n\"\n",
    "\n",
    "for i in range(articles.shape[0]):\n",
    "  sentences = [texts[i], simplifieds[i], simplifieds2[i], simplifieds3[i]]\n",
    "  embeddings = model.encode(sentences)\n",
    "  similarities = pairwise.cosine_similarity(embeddings)\n",
    "  sim1 = similarities[0][1]\n",
    "  sim2 = similarities[0][2]\n",
    "  sim3 = similarities[0][3]\n",
    "  csv_str += f\"{i}, {sim1}, {sim2}, {sim3}\\n\"\n",
    "\n",
    "with open('similarities.csv', 'w') as f:\n",
    "  f.write(csv_str)\n",
    "  f.close()\n",
    "\n"
   ]
  }
 ],
 "metadata": {
  "kernelspec": {
   "display_name": "Python 3",
   "language": "python",
   "name": "python3"
  },
  "language_info": {
   "codemirror_mode": {
    "name": "ipython",
    "version": 3
   },
   "file_extension": ".py",
   "mimetype": "text/x-python",
   "name": "python",
   "nbconvert_exporter": "python",
   "pygments_lexer": "ipython3",
   "version": "3.12.9"
  }
 },
 "nbformat": 4,
 "nbformat_minor": 2
}
